
Структура 1-я, Матрица № 1: 

-9	3	5	-5	0	6	-10	
-5	8	6	5	-10	-2	-6	
3	6	3	-2	7	-7	1	
4	-6	-6	5	-2	-2	-9	

Структура 2-я, Матрица № 1: 

8	-3	6	4	2	4	-9	
-10	-9	0	2	0	-1	6	
-8	6	-4	-10	-2	-8	9	
6	7	-3	9	-2	2	-3	

Структура 3-я, Матрица № 1: 

4	3	0	-4	9	-7	-7	
5	5	-10	-6	9	7	8	
7	3	0	-3	-2	7	-3	
5	-4	-7	7	-4	-2	-7	

Структура 4-я, Матрица № 1: 

-10	6	-1	-3	-7	3	-8	
-1	-8	-6	-4	-4	7	5	
-4	7	-1	-10	-2	-2	7	
-8	-2	6	9	5	1	9	

~~~~~~~~~~~~

Структура 1-я, Матрица № 2: 

-9	3	5	-5	0	6	-10	
-5	8	6	5	-10	-2	-6	
3	6	3	-2	7	-7	1	
4	-6	-6	5	-2	-2	-9	

Структура 2-я, Матрица № 2: 

8	-3	6	4	2	4	-9	
-10	-9	0	2	0	-1	6	
-8	6	-4	-10	-2	-8	9	
6	7	-3	9	-2	2	-3	

Структура 3-я, Матрица № 2: 

4	3	0	-4	9	-7	-7	
5	5	-10	-6	9	7	8	
7	3	0	-3	-2	7	-3	
5	-4	-7	7	-4	-2	-7	

Структура 4-я, Матрица № 2: 

-10	6	-1	-3	-7	3	-8	
-1	-8	-6	-4	-4	7	5	
-4	7	-1	-10	-2	-2	7	
-8	-2	6	9	5	1	9	
